Date,Views
20170727,20
20170728,21
20170729,14
20170730,15
20170731,8
20170801,18
20170802,18
20170803,34
20170804,14
20170805,17
20170806,29
20170807,8
20170808,14
20170809,15
20170810,13
20170811,16
20170812,16
20170813,17
20170814,16
20170815,19
20170816,11
20170817,20
20170818,13
20170819,12
20170820,30
20170821,14
20170822,24
20170823,25
20170824,52
20170825,80
20170826,203
20170827,253
20170828,19
20170829,28
20170830,20
20170831,29
20170901,17
20170902,22
20170903,28
20170904,14
20170905,24
20170906,20
20170907,17
20170908,15
20170909,16
20170910,25
20170911,18
20170912,7
20170913,18
20170914,15
20170915,17
20170916,22
20170917,16
20170918,37
20170919,30
20170920,11
20170921,10
20170922,18
20170923,17
20170924,19
20170925,9
