Date,Views
20190315,2532
20190316,3942
20190317,3023
20190318,3006
20190319,2908
20190320,2925
20190321,2759
20190322,2707
20190323,2565
20190324,3017
20190325,2704
20190326,2725
20190327,2858
20190328,2808
20190329,2663
20190330,2650
20190331,2662
20190401,2691
20190402,2732
20190403,2843
20190404,2770
20190405,2823
20190406,2600
20190407,2704
20190408,2987
20190409,2765
20190410,2678
20190411,2629
20190412,2582
20190413,2472
20190414,2763
20190415,2655
20190416,2641
20190417,2766
20190418,2899
20190419,2729
20190420,2520
20190421,2627
20190422,2905
20190423,2794
20190424,2889
20190425,2734
20190426,2622
20190427,2357
20190428,2532
20190429,2729
20190430,2747
20190501,2856
20190502,2695
20190503,2634
20190504,2866
20190505,2600
20190506,3238
20190507,2890
20190508,2888
20190509,2845
20190510,2697
20190511,2810
20190512,2608
20190513,2957
20190514,2873
